[[(3, 2, 3, 3) -25821.248175342495]
 [(2, 2, 3, 3) -25716.580725336207]
 [(1, 2, 3, 3) -25589.725799231033]
 [(1, 3, 3, 3) -25576.2773782913]
 [(2, 2, 2, 3) -25517.829698932746]
 [(0, 2, 3, 3) -25428.179530689853]
 [(3, 2, 2, 3) -25396.036833685543]
 [(0, 3, 3, 3) -25368.3059734565]
 [(1, 1, 3, 3) -25344.489100675244]
 [(3, 3, 3, 3) -25341.42869658387]
 [(1, 3, 2, 3) -25178.9583578166]
 [(2, 3, 3, 3) -25139.880375268338]
 [(1, 2, 2, 3) -25131.813882505157]
 [(3, 1, 3, 3) -24946.863438695644]
 [(2, 1, 3, 3) -24852.883036692536]
 [(3, 3, 2, 3) -24843.088292706525]
 [(0, 2, 2, 3) -24836.252325747926]
 [(1, 1, 2, 3) -24785.237730545792]
 [(0, 3, 2, 3) -24758.868556328183]
 [(2, 3, 2, 3) -24678.949001254306]
 [(0, 1, 3, 3) -24656.71634684909]
 [(3, 1, 2, 3) -24487.47193790743]
 [(3, 2, 1, 3) -24425.399348319035]
 [(2, 2, 1, 3) -24349.30517418373]
 [(1, 3, 1, 3) -24202.04470807968]
 [(1, 2, 1, 3) -24163.408957032934]
 [(0, 1, 2, 3) -24028.002224038304]
 [(2, 3, 1, 3) -23925.15754320891]
 [(2, 1, 2, 3) -23885.222949182607]
 [(1, 3, 3, 2) -23654.753527485187]
 [(3, 3, 3, 1) -23651.0528693859]
 [(2, 2, 3, 1) -23596.728760554455]
 [(2, 2, 3, 2) -23594.83797801918]
 [(1, 3, 3, 1) -23581.34991108142]
 [(0, 2, 3, 2) -23517.181985705836]
 [(0, 3, 3, 2) -23514.904270510855]
 [(3, 2, 3, 2) -23510.259303271796]
 [(0, 2, 3, 1) -23487.71237398339]
 [(3, 2, 3, 1) -23479.34568681402]
 [(2, 1, 3, 1) -23468.596799775456]
 [(3, 3, 3, 2) -23467.65803778336]
 [(3, 3, 1, 3) -23455.589924658478]
 [(0, 3, 3, 1) -23445.986112338323]
 [(1, 1, 3, 2) -23416.23609534725]
 [(1, 1, 3, 1) -23412.967446474693]
 [(0, 2, 1, 3) -23383.481793273662]
 [(1, 1, 1, 3) -23359.36383208772]
 [(3, 1, 3, 2) -23327.417149204164]
 [(2, 3, 3, 1) -23321.013734930268]
 [(1, 2, 3, 2) -23310.108810870115]
 [(2, 1, 3, 2) -23304.882193689053]
 [(1, 2, 3, 1) -23291.846096794216]
 [(0, 3, 1, 3) -23291.390989866875]
 [(3, 1, 3, 1) -23285.962248571974]
 [(3, 0, 3, 3) -23281.706026448188]
 [(3, 1, 1, 3) -23250.047144620374]
 [(2, 3, 3, 2) -23232.85492847681]
 [(3, 0, 3, 2) -22834.9815909288]
 [(0, 1, 3, 2) -22735.59353038611]
 [(0, 1, 3, 1) -22717.79873650265]
 [(0, 1, 1, 3) -22534.916015436975]
 [(3, 0, 2, 3) -22411.07880794273]
 [(2, 0, 3, 3) -22346.575049080744]
 [(3, 3, 0, 3) -21842.58131871059]
 [(2, 1, 1, 3) -21823.017051723662]
 [(2, 0, 2, 3) -21765.18876252208]
 [(3, 0, 0, 3) -21725.30704105489]
 [(3, 2, 0, 3) -21555.233115110597]
 [(3, 0, 3, 1) -21554.245375216044]
 [(3, 2, 2, 2) -21447.892162814034]
 [(2, 2, 0, 3) -21394.185942280892]
 [(3, 3, 2, 2) -21377.66965895365]
 [(1, 3, 0, 3) -21376.021510974362]
 [(3, 3, 1, 2) -21353.030083520112]
 [(2, 3, 0, 3) -21346.410786331042]
 [(1, 0, 3, 3) -21343.208209102493]
 [(1, 2, 0, 3) -21335.429334066008]
 [(3, 3, 0, 2) -21287.77436563658]
 [(2, 3, 0, 2) -21133.6363468665]
 [(2, 3, 2, 1) -21132.559825965218]
 [(2, 3, 1, 1) -21130.51430875143]
 [(3, 3, 2, 1) -21092.74047651902]
 [(2, 3, 0, 1) -21056.011231848817]
 [(3, 2, 1, 2) -20969.330320414705]
 [(2, 3, 1, 2) -20901.355401575194]
 [(2, 3, 2, 2) -20892.725735121385]
 [(2, 2, 2, 2) -20861.43983611075]
 [(3, 0, 0, 2) -20859.36733047472]
 [(0, 2, 2, 2) -20855.342939177364]
 [(2, 2, 1, 2) -20828.20187876171]
 [(3, 2, 0, 1) -20820.02242902101]
 [(1, 3, 1, 2) -20804.32117740675]
 [(1, 3, 2, 2) -20799.129607969036]
 [(1, 0, 2, 3) -20792.24076780728]
 [(1, 3, 0, 2) -20791.416274473708]
 [(2, 2, 0, 2) -20788.252128224573]
 [(1, 3, 0, 1) -20784.47251828155]
 [(1, 1, 2, 2) -20758.63294721912]
 [(3, 1, 1, 2) -20620.998421551834]
 [(1, 2, 2, 2) -20596.262574226497]
 [(2, 0, 3, 2) -20537.664146946365]
 [(1, 2, 0, 1) -20468.722037686864]
 [(2, 0, 3, 1) -20441.976601758324]
 [(1, 2, 0, 2) -20421.719389499827]
 [(3, 0, 1, 3) -20417.439474601375]
 [(1, 2, 1, 2) -20409.493922156536]
 [(3, 3, 0, 1) -20293.13544962795]
 [(2, 1, 0, 2) -20292.732565344006]
 [(0, 3, 2, 2) -20288.495289225113]
 [(0, 3, 2, 1) -20287.131298055137]
 [(0, 3, 0, 2) -20282.72658470514]
 [(0, 2, 0, 2) -20282.02487162247]
 [(3, 1, 0, 2) -20279.594849681904]
 [(0, 2, 0, 1) -20278.336038165646]
 [(1, 3, 1, 1) -20276.793483554942]
 [(2, 1, 2, 2) -20276.268374157822]
 [(2, 1, 1, 2) -20274.564487501622]
 [(3, 1, 0, 1) -20272.93912505833]
 [(3, 2, 0, 2) -20272.15627849128]
 [(0, 3, 1, 2) -20271.6332023598]
 [(0, 2, 1, 2) -20271.61452032275]
 [(1, 3, 2, 1) -20269.763172384835]
 [(3, 1, 2, 2) -20260.841169537274]
 [(0, 3, 0, 1) -20253.5606115455]
 [(3, 1, 1, 1) -20248.628569633747]
 [(2, 1, 0, 1) -20247.24024659164]
 [(0, 3, 1, 1) -20239.146475419024]
 [(3, 1, 2, 1) -20235.250897942515]
 [(0, 2, 1, 1) -20234.833288552087]
 [(3, 3, 1, 1) -20227.80991914591]
 [(1, 1, 0, 2) -20224.588584834397]
 [(1, 1, 1, 1) -20223.113721651145]
 [(0, 2, 2, 1) -20221.240661710865]
 [(2, 2, 0, 1) -20216.988708096927]
 [(1, 1, 1, 2) -20214.811864360177]
 [(2, 0, 1, 3) -20200.91009432733]
 [(2, 2, 2, 1) -20199.109829281886]
 [(1, 1, 0, 1) -20198.631167333187]
 [(1, 1, 2, 1) -20198.57364854276]
 [(2, 2, 1, 1) -20190.41496346533]
 [(0, 3, 0, 3) -20149.172979916104]
 [(0, 1, 2, 2) -20125.299556760823]
 [(0, 0, 3, 3) -19993.312896548297]
 [(0, 1, 1, 2) -19915.425848523788]
 [(3, 1, 0, 3) -19877.11201456001]
 [(0, 2, 0, 3) -19583.996206281983]
 [(1, 1, 0, 3) -19554.69039506914]
 [(1, 2, 2, 1) -19534.51547471668]
 [(0, 1, 0, 2) -19516.688217158422]
 [(0, 1, 0, 1) -19516.460912836774]
 [(1, 2, 1, 1) -19500.196549996686]
 [(0, 1, 2, 1) -19498.312952589975]
 [(1, 0, 1, 3) -19464.08271843593]
 [(0, 0, 2, 3) -19444.156542442688]
 [(0, 1, 1, 1) -19431.532779385718]
 [(3, 2, 3, 0) -19422.48969056346]
 [(1, 3, 3, 0) -19420.802130059896]
 [(2, 2, 3, 0) -19403.9083568419]
 [(3, 0, 1, 2) -19335.05802457765]
 [(3, 0, 2, 2) -19329.740659073323]
 [(1, 0, 3, 2) -19280.063126257945]
 [(1, 0, 3, 1) -19254.257660057097]
 [(1, 2, 3, 0) -19247.256347284274]
 [(3, 3, 3, 0) -19072.870577046546]
 [(3, 0, 2, 1) -18924.147136180538]
 [(2, 3, 3, 0) -18919.40901527215]
 [(3, 0, 1, 1) -18866.7737922788]
 [(0, 1, 0, 3) -18672.154670021027]
 [(0, 2, 3, 0) -18502.849212644862]
 [(0, 3, 3, 0) -18502.51017936725]
 [(1, 1, 3, 0) -18449.34611074678]
 [(2, 1, 0, 3) -18339.885437416564]
 [(0, 0, 1, 3) -18114.37639646021]
 [(0, 0, 3, 2) -17994.427471057697]
 [(2, 1, 3, 0) -17987.119469967485]
 [(2, 0, 2, 2) -17969.911746190224]
 [(0, 0, 3, 1) -17959.703814620236]
 [(2, 0, 1, 2) -17809.016280173568]
 [(0, 1, 3, 0) -17747.068621755727]
 [(3, 1, 3, 0) -17740.573175326757]
 [(2, 0, 0, 3) -17678.100961601747]
 [(3, 0, 0, 1) -17676.15716997518]
 [(2, 0, 2, 1) -17372.359975770756]
 [(2, 0, 1, 1) -17333.113449168333]
 [(2, 0, 0, 2) -17329.7506359574]
 [(2, 0, 0, 1) -17215.08551870918]
 [(3, 2, 2, 1) -16973.91528356103]
 [(3, 2, 1, 1) -16929.587412214227]
 [(3, 2, 2, 0) -16776.075492395485]
 [(3, 2, 1, 0) -16772.99780249581]
 [(2, 2, 2, 0) -16764.84429112594]
 [(2, 2, 1, 0) -16762.234130528297]
 [(1, 3, 2, 0) -16734.692966490027]
 [(1, 3, 1, 0) -16732.29758033623]
 [(1, 0, 2, 2) -16720.571442795183]
 [(1, 2, 2, 0) -16559.394976857613]
 [(3, 3, 1, 0) -16555.0857006408]
 [(1, 2, 1, 0) -16553.978257196846]
 [(1, 0, 1, 2) -16468.39145949144]
 [(3, 3, 2, 0) -16290.356225793392]
 [(2, 3, 2, 0) -16286.886792325016]
 [(2, 3, 1, 0) -16258.040453726224]
 [(1, 0, 0, 3) -16168.588311079535]
 [(1, 0, 2, 1) -16152.755747917072]
 [(1, 0, 0, 2) -16138.962871019043]
 [(1, 0, 0, 1) -16131.663206987358]
 [(2, 1, 2, 1) -15904.799420944932]
 [(2, 1, 1, 1) -15820.199268452816]
 [(0, 2, 1, 0) -15740.574867049465]
 [(0, 3, 1, 0) -15739.701813769792]
 [(2, 1, 1, 0) -15739.592115306335]
 [(0, 2, 2, 0) -15738.573106266917]
 [(3, 1, 1, 0) -15737.745865287525]
 [(0, 3, 2, 0) -15737.679055790368]
 [(2, 1, 2, 0) -15737.515296255515]
 [(3, 1, 2, 0) -15735.751981557505]
 [(3, 0, 3, 0) -15703.445392635724]
 [(1, 1, 1, 0) -15703.20895399448]
 [(1, 1, 2, 0) -15701.211792066717]
 [(0, 0, 2, 2) -15337.099144825257]
 [(2, 0, 3, 0) -15294.108155396625]
 [(0, 0, 1, 2) -15082.828891711062]
 [(0, 1, 1, 0) -14990.294968648272]
 [(0, 1, 2, 0) -14988.319039694403]
 [(0, 0, 0, 3) -14813.950135955838]
 [(0, 0, 2, 1) -14795.410752208354]
 [(0, 0, 0, 2) -14789.658235862298]
 [(0, 0, 0, 1) -14785.98642439648]
 [(1, 0, 3, 0) -14372.229651711277]
 [(3, 2, 0, 0) -13815.256566251359]
 [(3, 0, 2, 0) -13780.005885933013]
 [(3, 0, 1, 0) -13738.764657650612]
 [(2, 3, 0, 0) -13714.530119967922]
 [(2, 2, 0, 0) -13706.446708717851]
 [(1, 3, 0, 0) -13686.862964556947]
 [(1, 2, 0, 0) -13643.962558591706]
 [(3, 3, 0, 0) -13258.325943909567]
 [(0, 0, 3, 0) -13004.688514272722]
 [(2, 0, 1, 0) -12820.260944248568]
 [(2, 0, 2, 0) -12818.40581734389]
 [(0, 3, 0, 0) -12488.092061020765]
 [(3, 1, 0, 0) -12117.388256060469]
 [(0, 2, 0, 0) -11889.626508658403]
 [(1, 1, 0, 0) -11836.515093357359]
 [(1, 0, 1, 1) -11789.619291827326]
 [(1, 0, 1, 0) -11691.921833530432]
 [(1, 0, 2, 0) -11690.284566027576]
 [(0, 1, 0, 0) -10996.824762377159]
 [(2, 1, 0, 0) -10516.534965622284]
 [(0, 0, 1, 1) -10366.864396187666]
 [(0, 0, 1, 0) -10271.904121659758]
 [(0, 0, 2, 0) -10270.014964731268]
 [(3, 0, 0, 0) -8393.942155739409]
 [(2, 0, 0, 0) -8313.176834043219]
 [(1, 0, 0, 0) -7862.159400728404]
 [(0, 0, 0, 0) -6585.891178590156]]